[double3(13.871100000000,0.000000000000,0.000000000000),double3(-6.935550000000,12.012724978434,0.000000000000),double3(0.000000000000,0.000000000000,12.663000000000)]

double3(0.748461300000,0.251578400000,0.250000000000),
double3(0.666666700000,0.333333300000,0.250000000000),
double3(0.494019900000,0.149382000000,0.143951700000),
double3(0.655425900000,0.149387600000,0.143950000000),
double3(0.827939300000,0.172225300000,0.250000000000),
double3(0.554816800000,0.109572000000,0.114300000000),
double3(0.501505300000,0.002960000000,0.052879300000),
double3(0.463105500000,0.926205400000,0.097748000000),
double3(0.503117100000,0.251538700000,0.250000000000),
double3(0.655362100000,0.505980100000,0.356048300000),
double3(0.493961700000,0.344574100000,0.356050000000),
double3(0.344286000000,0.172060700000,0.250000000000),
double3(0.554755200000,0.445183200000,0.385700000000),
double3(0.501454700000,0.498494700000,0.447120700000),
double3(0.463099900000,0.536894500000,0.402252000000),
double3(0.748421600000,0.496882900000,0.250000000000),
double3(0.850618000000,0.344637900000,0.143951700000),
double3(0.850612400000,0.506038300000,0.143950000000),
double3(0.827774700000,0.655714000000,0.250000000000),
double3(0.890428000000,0.445244800000,0.114300000000),
double3(0.997040000000,0.498545300000,0.052879300000),
double3(0.073794600000,0.536900100000,0.097748000000),
double3(0.494019900000,0.149382000000,0.356048300000),
double3(0.655425900000,0.149387600000,0.356050000000),
double3(0.554816800000,0.109572000000,0.385700000000),
double3(0.501505300000,0.002960000000,0.447120700000),
double3(0.463105500000,0.926205400000,0.402252000000),
double3(0.655362100000,0.505980100000,0.143951700000),
double3(0.493961700000,0.344574100000,0.143950000000),
double3(0.554755200000,0.445183200000,0.114300000000),
double3(0.501454700000,0.498494700000,0.052879300000),
double3(0.463099900000,0.536894500000,0.097748000000),
double3(0.850618000000,0.344637900000,0.356048300000),
double3(0.850612400000,0.506038300000,0.356050000000),
double3(0.890428000000,0.445244800000,0.385700000000),
double3(0.997040000000,0.498545300000,0.447120700000),
double3(0.073794600000,0.536900100000,0.402252000000),
double3(0.251578400000,0.748461300000,0.750000000000),
double3(0.333333300000,0.666666700000,0.750000000000),
double3(0.149382000000,0.494019900000,0.643951700000),
double3(0.149387600000,0.655425900000,0.643950000000),
double3(0.172225300000,0.827939300000,0.750000000000),
double3(0.109572000000,0.554816800000,0.614300000000),
double3(0.002960000000,0.501505300000,0.552879300000),
double3(0.926205400000,0.463105500000,0.597748000000),
double3(0.496882900000,0.748421600000,0.750000000000),
double3(0.344637900000,0.850618000000,0.856048300000),
double3(0.506038300000,0.850612400000,0.856050000000),
double3(0.655714000000,0.827774700000,0.750000000000),
double3(0.445244800000,0.890428000000,0.885700000000),
double3(0.498545300000,0.997040000000,0.947120700000),
double3(0.536900100000,0.073794600000,0.902252000000),
double3(0.251538700000,0.503117100000,0.750000000000),
double3(0.505980100000,0.655362100000,0.643951700000),
double3(0.344574100000,0.493961700000,0.643950000000),
double3(0.172060700000,0.344286000000,0.750000000000),
double3(0.445183200000,0.554755200000,0.614300000000),
double3(0.498494700000,0.501454700000,0.552879300000),
double3(0.536894500000,0.463099900000,0.597748000000),
double3(0.149382000000,0.494019900000,0.856048300000),
double3(0.149387600000,0.655425900000,0.856050000000),
double3(0.109572000000,0.554816800000,0.885700000000),
double3(0.002960000000,0.501505300000,0.947120700000),
double3(0.926205400000,0.463105500000,0.902252000000),
double3(0.344637900000,0.850618000000,0.643951700000),
double3(0.506038300000,0.850612400000,0.643950000000),
double3(0.445244800000,0.890428000000,0.614300000000),
double3(0.498545300000,0.997040000000,0.552879300000),
double3(0.536900100000,0.073794600000,0.597748000000),
double3(0.505980100000,0.655362100000,0.856048300000),
double3(0.344574100000,0.493961700000,0.856050000000),
double3(0.445183200000,0.554755200000,0.885700000000),
double3(0.498494700000,0.501454700000,0.947120700000),
double3(0.536894500000,0.463099900000,0.902252000000),
