[double3(26.343000000000,0.000000000000,0.000000000000),double3(0.000000000000,26.343000000000,0.000000000000),double3(0.000000000000,0.000000000000,26.343000000000)]

double3(0.285300000000,0.285300000000,0.000000000000),
double3(0.316600000000,0.243100000000,0.947800000000),
double3(0.296800000000,0.203200000000,0.931300000000),
double3(0.322000000000,0.178000000000,0.887000000000),
double3(0.365500000000,0.199400000000,0.865500000000),
double3(0.380200000000,0.228000000000,0.880200000000),
double3(0.714700000000,0.285300000000,0.000000000000),
double3(0.756900000000,0.316600000000,0.947800000000),
double3(0.796800000000,0.296800000000,0.931300000000),
double3(0.822000000000,0.322000000000,0.887000000000),
double3(0.800600000000,0.365500000000,0.865500000000),
double3(0.772000000000,0.380200000000,0.880200000000),
double3(0.714700000000,0.714700000000,0.000000000000),
double3(0.683400000000,0.756900000000,0.947800000000),
double3(0.703200000000,0.796800000000,0.931300000000),
double3(0.678000000000,0.822000000000,0.887000000000),
double3(0.634500000000,0.800600000000,0.865500000000),
double3(0.619800000000,0.772000000000,0.880200000000),
double3(0.285300000000,0.714700000000,0.000000000000),
double3(0.243100000000,0.683400000000,0.947800000000),
double3(0.203200000000,0.703200000000,0.931300000000),
double3(0.178000000000,0.678000000000,0.887000000000),
double3(0.199400000000,0.634500000000,0.865500000000),
double3(0.228000000000,0.619800000000,0.880200000000),
double3(0.316600000000,0.756900000000,0.052200000000),
double3(0.296800000000,0.796800000000,0.068700000000),
double3(0.322000000000,0.822000000000,0.113000000000),
double3(0.365500000000,0.800600000000,0.134500000000),
double3(0.380200000000,0.772000000000,0.119800000000),
double3(0.243100000000,0.316600000000,0.052200000000),
double3(0.203200000000,0.296800000000,0.068700000000),
double3(0.178000000000,0.322000000000,0.113000000000),
double3(0.199400000000,0.365500000000,0.134500000000),
double3(0.228000000000,0.380200000000,0.119800000000),
double3(0.683400000000,0.243100000000,0.052200000000),
double3(0.703200000000,0.203200000000,0.068700000000),
double3(0.678000000000,0.178000000000,0.113000000000),
double3(0.634500000000,0.199400000000,0.134500000000),
double3(0.619800000000,0.228000000000,0.119800000000),
double3(0.756900000000,0.683400000000,0.052200000000),
double3(0.796800000000,0.703200000000,0.068700000000),
double3(0.822000000000,0.678000000000,0.113000000000),
double3(0.800600000000,0.634500000000,0.134500000000),
double3(0.772000000000,0.619800000000,0.119800000000),
double3(0.000000000000,0.285300000000,0.285300000000),
double3(0.947800000000,0.316600000000,0.243100000000),
double3(0.931300000000,0.296800000000,0.203200000000),
double3(0.887000000000,0.322000000000,0.178000000000),
double3(0.865500000000,0.365500000000,0.199400000000),
double3(0.880200000000,0.380200000000,0.228000000000),
double3(0.714700000000,0.000000000000,0.285300000000),
double3(0.683400000000,0.947800000000,0.243100000000),
double3(0.703200000000,0.931300000000,0.203200000000),
double3(0.678000000000,0.887000000000,0.178000000000),
double3(0.634500000000,0.865500000000,0.199400000000),
double3(0.619800000000,0.880200000000,0.228000000000),
double3(0.000000000000,0.714700000000,0.285300000000),
double3(0.052200000000,0.683400000000,0.243100000000),
double3(0.068700000000,0.703200000000,0.203200000000),
double3(0.113000000000,0.678000000000,0.178000000000),
double3(0.134500000000,0.634500000000,0.199400000000),
double3(0.119800000000,0.619800000000,0.228000000000),
double3(0.285300000000,0.000000000000,0.285300000000),
double3(0.316600000000,0.052200000000,0.243100000000),
double3(0.296800000000,0.068700000000,0.203200000000),
double3(0.322000000000,0.113000000000,0.178000000000),
double3(0.365500000000,0.134500000000,0.199400000000),
double3(0.380200000000,0.119800000000,0.228000000000),
double3(0.000000000000,0.714700000000,0.714700000000),
double3(0.947800000000,0.683400000000,0.756900000000),
double3(0.931300000000,0.703200000000,0.796800000000),
double3(0.887000000000,0.678000000000,0.822000000000),
double3(0.865500000000,0.634500000000,0.800600000000),
double3(0.880200000000,0.619800000000,0.772000000000),
double3(0.285300000000,0.000000000000,0.714700000000),
double3(0.316600000000,0.947800000000,0.756900000000),
double3(0.296800000000,0.931300000000,0.796800000000),
double3(0.322000000000,0.887000000000,0.822000000000),
double3(0.365500000000,0.865500000000,0.800600000000),
double3(0.380200000000,0.880200000000,0.772000000000),
double3(0.000000000000,0.285300000000,0.714700000000),
double3(0.052200000000,0.316600000000,0.756900000000),
double3(0.068700000000,0.296800000000,0.796800000000),
double3(0.113000000000,0.322000000000,0.822000000000),
double3(0.134500000000,0.365500000000,0.800600000000),
double3(0.119800000000,0.380200000000,0.772000000000),
double3(0.714700000000,0.000000000000,0.714700000000),
double3(0.683400000000,0.052200000000,0.756900000000),
double3(0.703200000000,0.068700000000,0.796800000000),
double3(0.678000000000,0.113000000000,0.822000000000),
double3(0.634500000000,0.134500000000,0.800600000000),
double3(0.619800000000,0.119800000000,0.772000000000),
double3(0.243100000000,0.947800000000,0.316600000000),
double3(0.203200000000,0.931300000000,0.296800000000),
double3(0.178000000000,0.887000000000,0.322000000000),
double3(0.199400000000,0.865500000000,0.365500000000),
double3(0.228000000000,0.880200000000,0.380200000000),
double3(0.243100000000,0.052200000000,0.683400000000),
double3(0.203200000000,0.068700000000,0.703200000000),
double3(0.178000000000,0.113000000000,0.678000000000),
double3(0.199400000000,0.134500000000,0.634500000000),
double3(0.228000000000,0.119800000000,0.619800000000),
double3(0.947800000000,0.243100000000,0.683400000000),
double3(0.931300000000,0.203200000000,0.703200000000),
double3(0.887000000000,0.178000000000,0.678000000000),
double3(0.865500000000,0.199400000000,0.634500000000),
double3(0.880200000000,0.228000000000,0.619800000000),
double3(0.756900000000,0.947800000000,0.683400000000),
double3(0.796800000000,0.931300000000,0.703200000000),
double3(0.822000000000,0.887000000000,0.678000000000),
double3(0.800600000000,0.865500000000,0.634500000000),
double3(0.772000000000,0.880200000000,0.619800000000),
double3(0.052200000000,0.756900000000,0.683400000000),
double3(0.068700000000,0.796800000000,0.703200000000),
double3(0.113000000000,0.822000000000,0.678000000000),
double3(0.134500000000,0.800600000000,0.634500000000),
double3(0.119800000000,0.772000000000,0.619800000000),
double3(0.756900000000,0.052200000000,0.316600000000),
double3(0.796800000000,0.068700000000,0.296800000000),
double3(0.822000000000,0.113000000000,0.322000000000),
double3(0.800600000000,0.134500000000,0.365500000000),
double3(0.772000000000,0.119800000000,0.380200000000),
double3(0.947800000000,0.756900000000,0.316600000000),
double3(0.931300000000,0.796800000000,0.296800000000),
double3(0.887000000000,0.822000000000,0.322000000000),
double3(0.865500000000,0.800600000000,0.365500000000),
double3(0.880200000000,0.772000000000,0.380200000000),
double3(0.052200000000,0.243100000000,0.316600000000),
double3(0.068700000000,0.203200000000,0.296800000000),
double3(0.113000000000,0.178000000000,0.322000000000),
double3(0.134500000000,0.199400000000,0.365500000000),
double3(0.119800000000,0.228000000000,0.380200000000),
double3(0.683400000000,0.756900000000,0.052200000000),
double3(0.703200000000,0.796800000000,0.068700000000),
double3(0.678000000000,0.822000000000,0.113000000000),
double3(0.634500000000,0.800600000000,0.134500000000),
double3(0.619800000000,0.772000000000,0.119800000000),
double3(0.243100000000,0.683400000000,0.052200000000),
double3(0.203200000000,0.703200000000,0.068700000000),
double3(0.178000000000,0.678000000000,0.113000000000),
double3(0.199400000000,0.634500000000,0.134500000000),
double3(0.228000000000,0.619800000000,0.119800000000),
double3(0.316600000000,0.243100000000,0.052200000000),
double3(0.296800000000,0.203200000000,0.068700000000),
double3(0.322000000000,0.178000000000,0.113000000000),
double3(0.365500000000,0.199400000000,0.134500000000),
double3(0.380200000000,0.228000000000,0.119800000000),
double3(0.756900000000,0.316600000000,0.052200000000),
double3(0.796800000000,0.296800000000,0.068700000000),
double3(0.822000000000,0.322000000000,0.113000000000),
double3(0.800600000000,0.365500000000,0.134500000000),
double3(0.772000000000,0.380200000000,0.119800000000),
double3(0.683400000000,0.243100000000,0.947800000000),
double3(0.703200000000,0.203200000000,0.931300000000),
double3(0.678000000000,0.178000000000,0.887000000000),
double3(0.634500000000,0.199400000000,0.865500000000),
double3(0.619800000000,0.228000000000,0.880200000000),
double3(0.756900000000,0.683400000000,0.947800000000),
double3(0.796800000000,0.703200000000,0.931300000000),
double3(0.822000000000,0.678000000000,0.887000000000),
double3(0.800600000000,0.634500000000,0.865500000000),
double3(0.772000000000,0.619800000000,0.880200000000),
double3(0.316600000000,0.756900000000,0.947800000000),
double3(0.296800000000,0.796800000000,0.931300000000),
double3(0.322000000000,0.822000000000,0.887000000000),
double3(0.365500000000,0.800600000000,0.865500000000),
double3(0.380200000000,0.772000000000,0.880200000000),
double3(0.243100000000,0.316600000000,0.947800000000),
double3(0.203200000000,0.296800000000,0.931300000000),
double3(0.178000000000,0.322000000000,0.887000000000),
double3(0.199400000000,0.365500000000,0.865500000000),
double3(0.228000000000,0.380200000000,0.880200000000),
double3(0.052200000000,0.683400000000,0.756900000000),
double3(0.068700000000,0.703200000000,0.796800000000),
double3(0.113000000000,0.678000000000,0.822000000000),
double3(0.134500000000,0.634500000000,0.800600000000),
double3(0.119800000000,0.619800000000,0.772000000000),
double3(0.316600000000,0.052200000000,0.756900000000),
double3(0.296800000000,0.068700000000,0.796800000000),
double3(0.322000000000,0.113000000000,0.822000000000),
double3(0.365500000000,0.134500000000,0.800600000000),
double3(0.380200000000,0.119800000000,0.772000000000),
double3(0.947800000000,0.316600000000,0.756900000000),
double3(0.931300000000,0.296800000000,0.796800000000),
double3(0.887000000000,0.322000000000,0.822000000000),
double3(0.865500000000,0.365500000000,0.800600000000),
double3(0.880200000000,0.380200000000,0.772000000000),
double3(0.683400000000,0.947800000000,0.756900000000),
double3(0.703200000000,0.931300000000,0.796800000000),
double3(0.678000000000,0.887000000000,0.822000000000),
double3(0.634500000000,0.865500000000,0.800600000000),
double3(0.619800000000,0.880200000000,0.772000000000),
double3(0.052200000000,0.316600000000,0.243100000000),
double3(0.068700000000,0.296800000000,0.203200000000),
double3(0.113000000000,0.322000000000,0.178000000000),
double3(0.134500000000,0.365500000000,0.199400000000),
double3(0.119800000000,0.380200000000,0.228000000000),
double3(0.683400000000,0.052200000000,0.243100000000),
double3(0.703200000000,0.068700000000,0.203200000000),
double3(0.678000000000,0.113000000000,0.178000000000),
double3(0.634500000000,0.134500000000,0.199400000000),
double3(0.619800000000,0.119800000000,0.228000000000),
double3(0.947800000000,0.683400000000,0.243100000000),
double3(0.931300000000,0.703200000000,0.203200000000),
double3(0.887000000000,0.678000000000,0.178000000000),
double3(0.865500000000,0.634500000000,0.199400000000),
double3(0.880200000000,0.619800000000,0.228000000000),
double3(0.316600000000,0.947800000000,0.243100000000),
double3(0.296800000000,0.931300000000,0.203200000000),
double3(0.322000000000,0.887000000000,0.178000000000),
double3(0.365500000000,0.865500000000,0.199400000000),
double3(0.380200000000,0.880200000000,0.228000000000),
double3(0.756900000000,0.052200000000,0.683400000000),
double3(0.796800000000,0.068700000000,0.703200000000),
double3(0.822000000000,0.113000000000,0.678000000000),
double3(0.800600000000,0.134500000000,0.634500000000),
double3(0.772000000000,0.119800000000,0.619800000000),
double3(0.756900000000,0.947800000000,0.316600000000),
double3(0.796800000000,0.931300000000,0.296800000000),
double3(0.822000000000,0.887000000000,0.322000000000),
double3(0.800600000000,0.865500000000,0.365500000000),
double3(0.772000000000,0.880200000000,0.380200000000),
double3(0.052200000000,0.756900000000,0.316600000000),
double3(0.068700000000,0.796800000000,0.296800000000),
double3(0.113000000000,0.822000000000,0.322000000000),
double3(0.134500000000,0.800600000000,0.365500000000),
double3(0.119800000000,0.772000000000,0.380200000000),
double3(0.243100000000,0.052200000000,0.316600000000),
double3(0.203200000000,0.068700000000,0.296800000000),
double3(0.178000000000,0.113000000000,0.322000000000),
double3(0.199400000000,0.134500000000,0.365500000000),
double3(0.228000000000,0.119800000000,0.380200000000),
double3(0.947800000000,0.243100000000,0.316600000000),
double3(0.931300000000,0.203200000000,0.296800000000),
double3(0.887000000000,0.178000000000,0.322000000000),
double3(0.865500000000,0.199400000000,0.365500000000),
double3(0.880200000000,0.228000000000,0.380200000000),
double3(0.243100000000,0.947800000000,0.683400000000),
double3(0.203200000000,0.931300000000,0.703200000000),
double3(0.178000000000,0.887000000000,0.678000000000),
double3(0.199400000000,0.865500000000,0.634500000000),
double3(0.228000000000,0.880200000000,0.619800000000),
double3(0.052200000000,0.243100000000,0.683400000000),
double3(0.068700000000,0.203200000000,0.703200000000),
double3(0.113000000000,0.178000000000,0.678000000000),
double3(0.134500000000,0.199400000000,0.634500000000),
double3(0.119800000000,0.228000000000,0.619800000000),
double3(0.947800000000,0.756900000000,0.683400000000),
double3(0.931300000000,0.796800000000,0.703200000000),
double3(0.887000000000,0.822000000000,0.678000000000),
double3(0.865500000000,0.800600000000,0.634500000000),
double3(0.880200000000,0.772000000000,0.619800000000),
double3(0.285300000000,0.785300000000,0.500000000000),
double3(0.316600000000,0.743100000000,0.447800000000),
double3(0.296800000000,0.703200000000,0.431300000000),
double3(0.322000000000,0.678000000000,0.387000000000),
double3(0.365500000000,0.699400000000,0.365500000000),
double3(0.380200000000,0.728000000000,0.380200000000),
double3(0.714700000000,0.785300000000,0.500000000000),
double3(0.756900000000,0.816600000000,0.447800000000),
double3(0.796800000000,0.796800000000,0.431300000000),
double3(0.822000000000,0.822000000000,0.387000000000),
double3(0.714700000000,0.214700000000,0.500000000000),
double3(0.683400000000,0.256900000000,0.447800000000),
double3(0.703200000000,0.296800000000,0.431300000000),
double3(0.678000000000,0.322000000000,0.387000000000),
double3(0.634500000000,0.300600000000,0.365500000000),
double3(0.619800000000,0.272000000000,0.380200000000),
double3(0.285300000000,0.214700000000,0.500000000000),
double3(0.243100000000,0.183400000000,0.447800000000),
double3(0.203200000000,0.203200000000,0.431300000000),
double3(0.178000000000,0.178000000000,0.387000000000),
double3(0.316600000000,0.256900000000,0.552200000000),
double3(0.296800000000,0.296800000000,0.568700000000),
double3(0.322000000000,0.322000000000,0.613000000000),
double3(0.365500000000,0.300600000000,0.634500000000),
double3(0.380200000000,0.272000000000,0.619800000000),
double3(0.243100000000,0.816600000000,0.552200000000),
double3(0.203200000000,0.796800000000,0.568700000000),
double3(0.178000000000,0.822000000000,0.613000000000),
double3(0.683400000000,0.743100000000,0.552200000000),
double3(0.703200000000,0.703200000000,0.568700000000),
double3(0.678000000000,0.678000000000,0.613000000000),
double3(0.634500000000,0.699400000000,0.634500000000),
double3(0.619800000000,0.728000000000,0.619800000000),
double3(0.756900000000,0.183400000000,0.552200000000),
double3(0.796800000000,0.203200000000,0.568700000000),
double3(0.822000000000,0.178000000000,0.613000000000),
double3(0.000000000000,0.785300000000,0.785300000000),
double3(0.947800000000,0.816600000000,0.743100000000),
double3(0.865500000000,0.865500000000,0.699400000000),
double3(0.880200000000,0.880200000000,0.728000000000),
double3(0.714700000000,0.500000000000,0.785300000000),
double3(0.683400000000,0.447800000000,0.743100000000),
double3(0.703200000000,0.431300000000,0.703200000000),
double3(0.678000000000,0.387000000000,0.678000000000),
double3(0.634500000000,0.365500000000,0.699400000000),
double3(0.619800000000,0.380200000000,0.728000000000),
double3(0.000000000000,0.214700000000,0.785300000000),
double3(0.052200000000,0.183400000000,0.743100000000),
double3(0.134500000000,0.134500000000,0.699400000000),
double3(0.119800000000,0.119800000000,0.728000000000),
double3(0.285300000000,0.500000000000,0.785300000000),
double3(0.316600000000,0.552200000000,0.743100000000),
double3(0.296800000000,0.568700000000,0.703200000000),
double3(0.322000000000,0.613000000000,0.678000000000),
double3(0.365500000000,0.634500000000,0.699400000000),
double3(0.380200000000,0.619800000000,0.728000000000),
double3(0.000000000000,0.214700000000,0.214700000000),
double3(0.947800000000,0.183400000000,0.256900000000),
double3(0.865500000000,0.134500000000,0.300600000000),
double3(0.880200000000,0.119800000000,0.272000000000),
double3(0.285300000000,0.500000000000,0.214700000000),
double3(0.316600000000,0.447800000000,0.256900000000),
double3(0.296800000000,0.431300000000,0.296800000000),
double3(0.322000000000,0.387000000000,0.322000000000),
double3(0.365500000000,0.365500000000,0.300600000000),
double3(0.380200000000,0.380200000000,0.272000000000),
double3(0.000000000000,0.785300000000,0.214700000000),
double3(0.052200000000,0.816600000000,0.256900000000),
double3(0.134500000000,0.865500000000,0.300600000000),
double3(0.119800000000,0.880200000000,0.272000000000),
double3(0.714700000000,0.500000000000,0.214700000000),
double3(0.683400000000,0.552200000000,0.256900000000),
double3(0.703200000000,0.568700000000,0.296800000000),
double3(0.678000000000,0.613000000000,0.322000000000),
double3(0.634500000000,0.634500000000,0.300600000000),
double3(0.619800000000,0.619800000000,0.272000000000),
double3(0.243100000000,0.447800000000,0.816600000000),
double3(0.203200000000,0.431300000000,0.796800000000),
double3(0.178000000000,0.387000000000,0.822000000000),
double3(0.243100000000,0.552200000000,0.183400000000),
double3(0.203200000000,0.568700000000,0.203200000000),
double3(0.178000000000,0.613000000000,0.178000000000),
double3(0.947800000000,0.743100000000,0.183400000000),
double3(0.865500000000,0.699400000000,0.134500000000),
double3(0.880200000000,0.728000000000,0.119800000000),
double3(0.756900000000,0.447800000000,0.183400000000),
double3(0.796800000000,0.431300000000,0.203200000000),
double3(0.822000000000,0.387000000000,0.178000000000),
double3(0.052200000000,0.256900000000,0.183400000000),
double3(0.134500000000,0.300600000000,0.134500000000),
double3(0.119800000000,0.272000000000,0.119800000000),
double3(0.756900000000,0.552200000000,0.816600000000),
double3(0.796800000000,0.568700000000,0.796800000000),
double3(0.822000000000,0.613000000000,0.822000000000),
double3(0.947800000000,0.256900000000,0.816600000000),
double3(0.865500000000,0.300600000000,0.865500000000),
double3(0.880200000000,0.272000000000,0.880200000000),
double3(0.052200000000,0.743100000000,0.816600000000),
double3(0.134500000000,0.699400000000,0.865500000000),
double3(0.119800000000,0.728000000000,0.880200000000),
double3(0.683400000000,0.256900000000,0.552200000000),
double3(0.703200000000,0.296800000000,0.568700000000),
double3(0.678000000000,0.322000000000,0.613000000000),
double3(0.634500000000,0.300600000000,0.634500000000),
double3(0.619800000000,0.272000000000,0.619800000000),
double3(0.243100000000,0.183400000000,0.552200000000),
double3(0.203200000000,0.203200000000,0.568700000000),
double3(0.178000000000,0.178000000000,0.613000000000),
double3(0.316600000000,0.743100000000,0.552200000000),
double3(0.296800000000,0.703200000000,0.568700000000),
double3(0.322000000000,0.678000000000,0.613000000000),
double3(0.365500000000,0.699400000000,0.634500000000),
double3(0.380200000000,0.728000000000,0.619800000000),
double3(0.756900000000,0.816600000000,0.552200000000),
double3(0.796800000000,0.796800000000,0.568700000000),
double3(0.822000000000,0.822000000000,0.613000000000),
double3(0.683400000000,0.743100000000,0.447800000000),
double3(0.703200000000,0.703200000000,0.431300000000),
double3(0.678000000000,0.678000000000,0.387000000000),
double3(0.634500000000,0.699400000000,0.365500000000),
double3(0.619800000000,0.728000000000,0.380200000000),
double3(0.756900000000,0.183400000000,0.447800000000),
double3(0.796800000000,0.203200000000,0.431300000000),
double3(0.822000000000,0.178000000000,0.387000000000),
double3(0.316600000000,0.256900000000,0.447800000000),
double3(0.296800000000,0.296800000000,0.431300000000),
double3(0.322000000000,0.322000000000,0.387000000000),
double3(0.365500000000,0.300600000000,0.365500000000),
double3(0.380200000000,0.272000000000,0.380200000000),
double3(0.243100000000,0.816600000000,0.447800000000),
double3(0.203200000000,0.796800000000,0.431300000000),
double3(0.178000000000,0.822000000000,0.387000000000),
double3(0.052200000000,0.183400000000,0.256900000000),
double3(0.134500000000,0.134500000000,0.300600000000),
double3(0.119800000000,0.119800000000,0.272000000000),
double3(0.316600000000,0.552200000000,0.256900000000),
double3(0.296800000000,0.568700000000,0.296800000000),
double3(0.322000000000,0.613000000000,0.322000000000),
double3(0.365500000000,0.634500000000,0.300600000000),
double3(0.380200000000,0.619800000000,0.272000000000),
double3(0.947800000000,0.816600000000,0.256900000000),
double3(0.865500000000,0.865500000000,0.300600000000),
double3(0.880200000000,0.880200000000,0.272000000000),
double3(0.683400000000,0.447800000000,0.256900000000),
double3(0.703200000000,0.431300000000,0.296800000000),
double3(0.678000000000,0.387000000000,0.322000000000),
double3(0.634500000000,0.365500000000,0.300600000000),
double3(0.619800000000,0.380200000000,0.272000000000),
double3(0.052200000000,0.816600000000,0.743100000000),
double3(0.134500000000,0.865500000000,0.699400000000),
double3(0.119800000000,0.880200000000,0.728000000000),
double3(0.683400000000,0.552200000000,0.743100000000),
double3(0.703200000000,0.568700000000,0.703200000000),
double3(0.678000000000,0.613000000000,0.678000000000),
double3(0.634500000000,0.634500000000,0.699400000000),
double3(0.619800000000,0.619800000000,0.728000000000),
double3(0.947800000000,0.183400000000,0.743100000000),
double3(0.865500000000,0.134500000000,0.699400000000),
double3(0.880200000000,0.119800000000,0.728000000000),
double3(0.316600000000,0.447800000000,0.743100000000),
double3(0.296800000000,0.431300000000,0.703200000000),
double3(0.322000000000,0.387000000000,0.678000000000),
double3(0.365500000000,0.365500000000,0.699400000000),
double3(0.380200000000,0.380200000000,0.728000000000),
double3(0.756900000000,0.552200000000,0.183400000000),
double3(0.796800000000,0.568700000000,0.203200000000),
double3(0.822000000000,0.613000000000,0.178000000000),
double3(0.756900000000,0.447800000000,0.816600000000),
double3(0.796800000000,0.431300000000,0.796800000000),
double3(0.822000000000,0.387000000000,0.822000000000),
double3(0.052200000000,0.256900000000,0.816600000000),
double3(0.134500000000,0.300600000000,0.865500000000),
double3(0.119800000000,0.272000000000,0.880200000000),
double3(0.243100000000,0.552200000000,0.816600000000),
double3(0.203200000000,0.568700000000,0.796800000000),
double3(0.178000000000,0.613000000000,0.822000000000),
double3(0.947800000000,0.743100000000,0.816600000000),
double3(0.865500000000,0.699400000000,0.865500000000),
double3(0.880200000000,0.728000000000,0.880200000000),
double3(0.243100000000,0.447800000000,0.183400000000),
double3(0.203200000000,0.431300000000,0.203200000000),
double3(0.178000000000,0.387000000000,0.178000000000),
double3(0.052200000000,0.743100000000,0.183400000000),
double3(0.134500000000,0.699400000000,0.134500000000),
double3(0.119800000000,0.728000000000,0.119800000000),
double3(0.947800000000,0.256900000000,0.183400000000),
double3(0.865500000000,0.300600000000,0.134500000000),
double3(0.880200000000,0.272000000000,0.119800000000),
double3(0.785300000000,0.285300000000,0.500000000000),
double3(0.816600000000,0.243100000000,0.447800000000),
double3(0.214700000000,0.285300000000,0.500000000000),
double3(0.256900000000,0.316600000000,0.447800000000),
double3(0.300600000000,0.365500000000,0.365500000000),
double3(0.272000000000,0.380200000000,0.380200000000),
double3(0.214700000000,0.714700000000,0.500000000000),
double3(0.183400000000,0.756900000000,0.447800000000),
double3(0.785300000000,0.714700000000,0.500000000000),
double3(0.743100000000,0.683400000000,0.447800000000),
double3(0.699400000000,0.634500000000,0.365500000000),
double3(0.728000000000,0.619800000000,0.380200000000),
double3(0.816600000000,0.756900000000,0.552200000000),
double3(0.743100000000,0.316600000000,0.552200000000),
double3(0.699400000000,0.365500000000,0.634500000000),
double3(0.728000000000,0.380200000000,0.619800000000),
double3(0.183400000000,0.243100000000,0.552200000000),
double3(0.256900000000,0.683400000000,0.552200000000),
double3(0.300600000000,0.634500000000,0.634500000000),
double3(0.272000000000,0.619800000000,0.619800000000),
double3(0.500000000000,0.285300000000,0.785300000000),
double3(0.447800000000,0.316600000000,0.743100000000),
double3(0.431300000000,0.296800000000,0.703200000000),
double3(0.387000000000,0.322000000000,0.678000000000),
double3(0.214700000000,0.000000000000,0.785300000000),
double3(0.183400000000,0.947800000000,0.743100000000),
double3(0.500000000000,0.714700000000,0.785300000000),
double3(0.552200000000,0.683400000000,0.743100000000),
double3(0.568700000000,0.703200000000,0.703200000000),
double3(0.613000000000,0.678000000000,0.678000000000),
double3(0.785300000000,0.000000000000,0.785300000000),
double3(0.816600000000,0.052200000000,0.743100000000),
double3(0.500000000000,0.714700000000,0.214700000000),
double3(0.447800000000,0.683400000000,0.256900000000),
double3(0.431300000000,0.703200000000,0.296800000000),
double3(0.387000000000,0.678000000000,0.322000000000),
double3(0.785300000000,0.000000000000,0.214700000000),
double3(0.816600000000,0.947800000000,0.256900000000),
double3(0.500000000000,0.285300000000,0.214700000000),
double3(0.552200000000,0.316600000000,0.256900000000),
double3(0.568700000000,0.296800000000,0.296800000000),
double3(0.613000000000,0.322000000000,0.322000000000),
double3(0.214700000000,0.000000000000,0.214700000000),
double3(0.183400000000,0.052200000000,0.256900000000),
double3(0.743100000000,0.947800000000,0.816600000000),
double3(0.699400000000,0.865500000000,0.865500000000),
double3(0.728000000000,0.880200000000,0.880200000000),
double3(0.743100000000,0.052200000000,0.183400000000),
double3(0.699400000000,0.134500000000,0.134500000000),
double3(0.728000000000,0.119800000000,0.119800000000),
double3(0.447800000000,0.243100000000,0.183400000000),
double3(0.431300000000,0.203200000000,0.203200000000),
double3(0.387000000000,0.178000000000,0.178000000000),
double3(0.256900000000,0.947800000000,0.183400000000),
double3(0.300600000000,0.865500000000,0.134500000000),
double3(0.272000000000,0.880200000000,0.119800000000),
double3(0.552200000000,0.756900000000,0.183400000000),
double3(0.568700000000,0.796800000000,0.203200000000),
double3(0.613000000000,0.822000000000,0.178000000000),
double3(0.256900000000,0.052200000000,0.816600000000),
double3(0.300600000000,0.134500000000,0.865500000000),
double3(0.272000000000,0.119800000000,0.880200000000),
double3(0.447800000000,0.756900000000,0.816600000000),
double3(0.431300000000,0.796800000000,0.796800000000),
double3(0.387000000000,0.822000000000,0.822000000000),
double3(0.552200000000,0.243100000000,0.816600000000),
double3(0.568700000000,0.203200000000,0.796800000000),
double3(0.613000000000,0.178000000000,0.822000000000),
double3(0.183400000000,0.756900000000,0.552200000000),
double3(0.743100000000,0.683400000000,0.552200000000),
double3(0.699400000000,0.634500000000,0.634500000000),
double3(0.728000000000,0.619800000000,0.619800000000),
double3(0.816600000000,0.243100000000,0.552200000000),
double3(0.256900000000,0.316600000000,0.552200000000),
double3(0.300600000000,0.365500000000,0.634500000000),
double3(0.272000000000,0.380200000000,0.619800000000),
double3(0.183400000000,0.243100000000,0.447800000000),
double3(0.256900000000,0.683400000000,0.447800000000),
double3(0.300600000000,0.634500000000,0.365500000000),
double3(0.272000000000,0.619800000000,0.380200000000),
double3(0.816600000000,0.756900000000,0.447800000000),
double3(0.743100000000,0.316600000000,0.447800000000),
double3(0.699400000000,0.365500000000,0.365500000000),
double3(0.728000000000,0.380200000000,0.380200000000),
double3(0.552200000000,0.683400000000,0.256900000000),
double3(0.568700000000,0.703200000000,0.296800000000),
double3(0.613000000000,0.678000000000,0.322000000000),
double3(0.816600000000,0.052200000000,0.256900000000),
double3(0.447800000000,0.316600000000,0.256900000000),
double3(0.431300000000,0.296800000000,0.296800000000),
double3(0.387000000000,0.322000000000,0.322000000000),
double3(0.183400000000,0.947800000000,0.256900000000),
double3(0.552200000000,0.316600000000,0.743100000000),
double3(0.568700000000,0.296800000000,0.703200000000),
double3(0.613000000000,0.322000000000,0.678000000000),
double3(0.183400000000,0.052200000000,0.743100000000),
double3(0.447800000000,0.683400000000,0.743100000000),
double3(0.431300000000,0.703200000000,0.703200000000),
double3(0.387000000000,0.678000000000,0.678000000000),
double3(0.816600000000,0.947800000000,0.743100000000),
double3(0.256900000000,0.052200000000,0.183400000000),
double3(0.300600000000,0.134500000000,0.134500000000),
double3(0.272000000000,0.119800000000,0.119800000000),
double3(0.256900000000,0.947800000000,0.816600000000),
double3(0.300600000000,0.865500000000,0.865500000000),
double3(0.272000000000,0.880200000000,0.880200000000),
double3(0.552200000000,0.756900000000,0.816600000000),
double3(0.568700000000,0.796800000000,0.796800000000),
double3(0.613000000000,0.822000000000,0.822000000000),
double3(0.743100000000,0.052200000000,0.816600000000),
double3(0.699400000000,0.134500000000,0.865500000000),
double3(0.728000000000,0.119800000000,0.880200000000),
double3(0.447800000000,0.243100000000,0.816600000000),
double3(0.431300000000,0.203200000000,0.796800000000),
double3(0.387000000000,0.178000000000,0.822000000000),
double3(0.743100000000,0.947800000000,0.183400000000),
double3(0.699400000000,0.865500000000,0.134500000000),
double3(0.728000000000,0.880200000000,0.119800000000),
double3(0.552200000000,0.243100000000,0.183400000000),
double3(0.568700000000,0.203200000000,0.203200000000),
double3(0.613000000000,0.178000000000,0.178000000000),
double3(0.447800000000,0.756900000000,0.183400000000),
double3(0.431300000000,0.796800000000,0.203200000000),
double3(0.387000000000,0.822000000000,0.178000000000),
double3(0.785300000000,0.785300000000,0.000000000000),
double3(0.816600000000,0.743100000000,0.947800000000),
double3(0.214700000000,0.785300000000,0.000000000000),
double3(0.256900000000,0.816600000000,0.947800000000),
double3(0.214700000000,0.214700000000,0.000000000000),
double3(0.183400000000,0.256900000000,0.947800000000),
double3(0.785300000000,0.214700000000,0.000000000000),
double3(0.743100000000,0.183400000000,0.947800000000),
double3(0.816600000000,0.256900000000,0.052200000000),
double3(0.743100000000,0.816600000000,0.052200000000),
double3(0.183400000000,0.743100000000,0.052200000000),
double3(0.256900000000,0.183400000000,0.052200000000),
double3(0.500000000000,0.785300000000,0.285300000000),
double3(0.447800000000,0.816600000000,0.243100000000),
double3(0.214700000000,0.500000000000,0.285300000000),
double3(0.183400000000,0.447800000000,0.243100000000),
double3(0.500000000000,0.214700000000,0.285300000000),
double3(0.552200000000,0.183400000000,0.243100000000),
double3(0.785300000000,0.500000000000,0.285300000000),
double3(0.816600000000,0.552200000000,0.243100000000),
double3(0.500000000000,0.214700000000,0.714700000000),
double3(0.447800000000,0.183400000000,0.756900000000),
double3(0.785300000000,0.500000000000,0.714700000000),
double3(0.816600000000,0.447800000000,0.756900000000),
double3(0.500000000000,0.785300000000,0.714700000000),
double3(0.552200000000,0.816600000000,0.756900000000),
double3(0.214700000000,0.500000000000,0.714700000000),
double3(0.183400000000,0.552200000000,0.756900000000),
double3(0.743100000000,0.447800000000,0.316600000000),
double3(0.743100000000,0.552200000000,0.683400000000),
double3(0.447800000000,0.743100000000,0.683400000000),
double3(0.256900000000,0.447800000000,0.683400000000),
double3(0.552200000000,0.256900000000,0.683400000000),
double3(0.256900000000,0.552200000000,0.316600000000),
double3(0.447800000000,0.256900000000,0.316600000000),
double3(0.552200000000,0.743100000000,0.316600000000),
double3(0.183400000000,0.256900000000,0.052200000000),
double3(0.743100000000,0.183400000000,0.052200000000),
double3(0.816600000000,0.743100000000,0.052200000000),
double3(0.256900000000,0.816600000000,0.052200000000),
double3(0.183400000000,0.743100000000,0.947800000000),
double3(0.256900000000,0.183400000000,0.947800000000),
double3(0.816600000000,0.256900000000,0.947800000000),
double3(0.743100000000,0.816600000000,0.947800000000),
double3(0.552200000000,0.183400000000,0.756900000000),
double3(0.816600000000,0.552200000000,0.756900000000),
double3(0.447800000000,0.816600000000,0.756900000000),
double3(0.183400000000,0.447800000000,0.756900000000),
double3(0.552200000000,0.816600000000,0.243100000000),
double3(0.183400000000,0.552200000000,0.243100000000),
double3(0.447800000000,0.183400000000,0.243100000000),
double3(0.816600000000,0.447800000000,0.243100000000),
double3(0.256900000000,0.552200000000,0.683400000000),
double3(0.256900000000,0.447800000000,0.316600000000),
double3(0.552200000000,0.256900000000,0.316600000000),
double3(0.743100000000,0.552200000000,0.316600000000),
double3(0.447800000000,0.743100000000,0.316600000000),
double3(0.743100000000,0.447800000000,0.683400000000),
double3(0.552200000000,0.743100000000,0.683400000000),
double3(0.447800000000,0.256900000000,0.683400000000),
